+628111044485
+628111044485
+628128865922
+6281293134642
+6282151750808
+628161360365
+628129583495
+6281211843603
+6281293961945
+6282213864556
+6287711768593
+6281211709120
+6281315214224
+6281284009271
+6281386623660
+6281225874189
+6281214401029
+6281281966209
+6281280657121
+628119991534
+6282111736096
+62811881179
+6285813020802
+6282113586949
+6287881061446
+6281282012996
+6285691583445
+6285891715543
+6287782834334
+6285930269312
+6281387608799
+6281385369263
+6281280121663
+6287878419980
+6285959584873
+62895414979998
+628568180444
+62817130607
+6281283521636
+628111399669
+6281241649080
+628118107555
+6281808183965
+6281317038838
+6281296906547
+628128865922
+6281779827930
‘081574232329
+62818819793
+628111127072
+6287787850569
+6282311284943
+6281289096594
+6281586649364
+6281271444187
+6281285653408
+6287781477877
+6281315525839
+6281617541957
+6285659681228
+6281213107021
+6281330398887
+6281311823273
+62817183260
+6281319024472
+6281383144551
+6281296475480
+6281285065928
+62895331636091
+6287877272207
+6287885424163
+6281381987761
+6285212242175
+6285691722177
+6281366252112
+6281218273390
+62895320594070
+6281317757796
+6281316301197
+6282123040934
+6281385051496
+628121957676
+6285691583445
+6282113833592
+6281212336015
+6288293516389
+6281311570532
+6285718147371
+6281388717572
+6281253980363
+6285885524199
+6282111835256
+6281297311565
+6282166985089
+6285772283757
+628118460205
+6287886884758
+62895392424867
+62818954471
+62811886058
+6289623653569
+6281295350822
+6288292106221
+6282124378293
+6281316592005
+6285814005144
+6285774731893
+62895320062776
+6281808918064
+6287789611198
+6281310748374
+6289678652646
+6281282422302
+6287716012006
+6285156341743
+6281387278795
+6281213124363
+6281297447263
+6281807774566
+6282122040405
+6281229382969
+628118700333
+6287786232435
+6285697823932
+6281289096594
+6282124935858
+6281277279982
+628129472974
+628111887377
+6285311056840
+6281298526815
+628121167795
+62895330044677
+6287786646604
+12369996019
+6285697764133
+6281324669848
+6281252361197
+628161137673
+62895347091374
+62895347091373
+6281219265926
+628119928810
+628119180815
+6282261445845
+6282311506501
+6281283792649
+628119720097
+6281314193990
+6282210007670
+6281323912546
+628111399669
+6281212123459
+6285692433330
+6281297200077
+6287872921986
+6287877672270
+6281318228470
+6281291572978
+6289601945669
+6289604590679
+62895392104895
+628811361472
+628158955389
+62811815695
+6281703570101
+6287880695328
+6281284087648
+6282339581290
+6281289096694
+6281809318600
+6285604759471
+62816727207
+6287774152535
+6281389849006
+6285860853396
+62817735318
+6282213913084
+6282113321804
+628111660212
+6282124360999
+6285691583445
+6282113321804
+6285283879051
+6285230027048
+6281284831046
+6281289096594
+6281291681392
+6285885851563
+6281807494670
+6285782215322
+62811968473
+62887433118183
+6281386373875
+6281809318600
+6285692749760
+6289512365407
+6281289096594
+6281319357947
+6285930194178
+6281283770126
+6281296991535
+6281992047472
+6281280435843
+6281319357947
+6281316301197
+6281318307443
+62895414979998
+628129498814
+6285776222960
+6285776503244
+628111619666
+6285925365265
+6281933827267
+6282133771290
+6285719190189
+6281230762306
+6287715047080
+6289512284562
+6285892429400
+628119422508
+628119196888
+6281290001550
+6285280157432
+628150494650
+6288291377077
+628161422327
+628118793456
+6285341275240
+6281770070906
+6281770070906
+6281770070906
+628119299918
+6281905442008
+628126939973
+6281298526815
+6281322622726
+6281239366531
+628111773848
+6287781276563
+6285263993481
+6282113100609
+6285924081002
+628129309292
+6287880088398
+6281806033666
+6281513181924
+6282299231255
+6281413515565
+6281311136563
+6281223589483
+6283890401941
+6281292308502
+6281380253545
+62818974787
+6282113321804
+6281281735889
+628118420318
+6285714384225
+6281218497741
+628111399669
+6281384576228
+6281212426688
+6281910101978
+6287823842814
+6281513978382
+6281230004613