+6281314874054
+6282112726055
+628111444736
+6282112642001
+6282189677450
+6281213261607
+628111099518
+6281212870916
+6289501617666
+6285771687576
+6285852994648
+6281717111007
+6285711558759
+6289696107364
+6282299225770
+6281316385761
+6285770542598
+6281292815880
+6282122961663
+62895365773676
+6285777837363
+6282113162233
+6281383238688
+628561500827
+62895368930508
+6285880517784
+6285893501243
+6281317482359
+6285604996335
+62816762008
+6281213582859
+6287884461004
+6281542394637
+6285772352053
+6281294050203
+62818222496
+6285771085067
+6287787568256
+6285103000027
+628111775525
+6287831638687
+6281317631632
+6285156749081
+6285934937296
+6285945033989
+6281218633020
+6281586017707
+62895703104634
+6281280736398
+6285210431032
+6289669773031
+6287781634727
+6281779982900
+6285888181751
+6281284276673
+6289636195283
+6281932965152
+62811937072
+628119909029
+6281219385855
+6281219103392
+6281287272064
+6282111600951
+6282111600951
+6285730647233
+6281314853634
+628561893162
+6281519491222
+6288291238923
+62895704010100
+6281283388433
+6283811451980
+6285386161415
+6285386161415
+628889090676
+6281315411188
+6281806202008
+6281319763233
+6281990078999
+6282261205021
+6287820080109
+6289652143280
+6281319356072
+628111009556
+6281220847696
+6281323912546
+628119132606
+6281285353337
+6287713201109
+62818230710
+6281314953675
+6285236574147
+628111712555
+6281314953675
+628118103460
+6282213763995
+6288224860087
+6282114557893
+628111021901
+6281319598998
+6281212497529
+6281219986785
+6281283890243
+6287773506865
+6282123540877
+6281380302370
+6281380302370
+628111114195
+6285781007750
+628170913722
+6283898626787
+6285892099215
+6282298782969
+6287819307197
+6281295845596
+6281225634273
+6281314014536
+6281246413052
+628119003008
+6282124935858
+6285880883530
+628175401111
+628111503363
+6281388868935
+6281285418600
+628118700333
+6281381868398
+628561116233
+6285956362082
+6281292503921
+6281284277137
+6287884477255
+6287876955791
+6287873698077
+6281212187326
+6285882762010
+6281218187000
+628119346300
+628158195717
+6281395761847
+6281313239333
+6281578873310
+6281281058003
+6281298506258
+6281297543060
+6282114262604
+628989511815
+6281240003126
+6288225997467
+6282210432306
+6281290101879
+6281389004815
+628164816730
+628111805992
+6287773141780
+628164816730
+62818306399
+6281809258267
+6281317109494
+628179432020
+6282213416702
+6282297051391
+6287880989059
+628158356990
+628123459307
+6285217773508
+6282181666303
+6281282577606
+6285715008368
+6287883838420
+6287837177937
+6285946273737
+6281294325178
+6285881681469
+6281298703578
+6281525996727
+6287710108176
+6281229382969
+6287794482633
+6285775408318
+6281584096660
+6285694602506
+6281398291256
+6282124999288
+6281908200805
+6281280701748
+6287774797868
+6281218937590
+6287733560646
+6285881586340
+6288224667690
+6282122109446
+6281382649173
+6287882654993
+6281219728667
+6285290498170
+6285921979396
+6289601273739
+6285710800515
+6285697471298
+6281219710798
+628121445544
+6282123699378
+6281280373515
+6281298624644
+628997499566
+6281291472360
+6281291471914
+6281280182391
+6287701036254
+6281248731129
+6289603958564
+6285821626380
+6282111864518
+6285694722278
+6285810087717
+6282111864518
+6281386839803
+6289603958564
+6282113268878
+6281248731129
+6287877987759
+6281806184740
+6287730188771
+6281398870235
+6282124188154
+6285947431027
+628111297812
+6287781642731
+6287781642731
+6281387990334
+6282123285100
+6281398103669
+628988888504
+62895413743122
+6281990078999
+6285295584989
+6282268363437
+6281212738192
+62895358283661
+628111049147
+628111091158
+6282112726055
+6281717172081
+6281717172081
+6282310335010
+6282189677450
+628231093287
+6287789248286
+6282123714093
+6281292619677
+6282272434344
+6281996262062
+6282123285100
+6281902626269
+6282113162233
+6281383238688
+6285880517784
+6285893501243
+6281294021943
+6281386157125
+6281542394637
+6281294050203
+6281318908240
+6287882654993
+6282139468321
+6281283330608
+6287872877344
+6281251438287
+6283854810767
+6281586017707
+6281218633020
+6281280736398
+6282113274221
+6285714188853
+6289636195283
+6281284276673
+6285163122117
+6287862016885
+6281385551180
+6282114646883
+628119990745
+6282120517603
+6281268644450
+628888103847
+6282298998828
+628113536686
+628113536686
+6282111574655
+6282257124620
+6281283388433
+6281295917539
+6281321220273
+6281930032009
+628111230951
+628889090676
+628811681088
+6281806202008
+6281519491222
+6281319763233
+6281292134508
+6289652143280
+6281319533293
+6289656772261
+6282114288168
+628111614843
+6285156554914
+6288224860087
+6288289097442
+6282114288168
+628818076667
+628111021901
+628551016950
+6281314925178
+6281212497529
+6281210109442
+6285947140921
+6281316855061
+6281219986785
+628111721469
+6281990009998
+6285656093937
+62816957251
+6282123540877
+6281991170709
+6281380302370
+6285817239044
+6285771090364
+6282111991259
+6287773689310
+6285654494294
+6281284412694
+6287852433375
+6285238787859
+6285973254422
+6281953558047
+628158356990
+6281248340296
+628127854532
+6281219315374
+6287709299114
+628561116233
+6285156749081
+628111516189
+6281574653390
+6285880885762
+6287775913524
+6285973254422
+628119346300
+6281995716383
+628111142204
+628561893162
+6287797281397
+6281294588168
+6281293491904
+6281586090976
+628111474136
+6285163683552
+6285786446570
+6285162990912
+62811180975
+6281298221763
+62895322330972
+6287851468877
+6281399327547
+6281381594294
+6281229382969
+6281584096660
+6281574012817
+6285694602506
+6282124600458
+6282124999288
+6285781810379
+6281908200805
+6287885424163
+6287733560646
+6288224667690
+6281380539290
+6282311284943
+6285591208803
+6281212806536
+6281297030700
+6281219728667
+6285894362745
+6285290498170
+6285710800515
+628121445544
+6285880135013
+6281298624644
+6287884631321
+6287878510758
+6287877987759
+6287797860883
+6281291472360
+6281291471914
+6281280182391
+62895413743122
+6287701036254
+6281248731129
+6289603958564
+6282111864518
+6285694722278
+6285810087717
+6281389047937
+6281385041799
+6289626840146
+6287777887231
+6281220203676
+6281384552356
+6285883563329
+6281285407141
+6281290700502
+6281380836129
+6281319457808
+628557861555
+6281319457808
+62895424994600
+628978540079
+6281295519791
+628159903220
+6285773982400
+6285781403374
+6285217750448
+6282121830180
+6289505043684
+6281413466791
+6281370719999
+6282144180788
+6281280216109
+6287728012006
+6285893184767
+6281280198755
+6287785414097
+6281285142628
+6281290713310
+6282111231856
+628119886668
+6282247116835
+6285840226872
+6281296777603
+6281314878283
+6281287974204
+6285853654999
+628561818162
+6288225667886
+6281218880801
+628128920799
+6281310983055
+6287789237506
+6281288601503
+6281283412325
+6281908378703
+6285156881907
+6285817799145
+6287783924863
+628127037327
+6281298573851
+6281286274675
+6282110211256
+62895703104634
+6285215885756
+6282112426661
+628118909207
+6281336300389
+62881025165330
+6282111711617
+6285718260100
+6281280197339
+6288221992119
+6285657417677
+6282114513091
+6283873077719
+6289502411870
+628158888864
+6281297883608
+6285810681153
+6281225243454
+6281315215005
+6281945428555
+62881024547449
+6282297224600
+6281212497529
+6281806241267
+6285811887143
+628118989663
+6281257518118
+6287776128209
+6281287164589
+6287852433375
+628901054246
+6285924081002
+6282114050760
+6282111749060
+62811941100
+6282112002092
+621288209367
+628119692202
+6287888876627
+6281296475490
+6281318952422
+6289605595597
+6281398261655
+6281906752873
+6287777784308
+6281290034371
+6281317620426
+6281211431769
+6287775404085
+628121398008
+628119151228
+62811661290
+6281280420415
+6281288365798
+6288214394477
+6287885945080
+628119004309
+6285819426462
+6282125074181
+6281287630652
+6281287630652
+62895387152085
+6281219914620
+6285777653377
+6281806862973
+6281287120211
+6287820629071
+628988288623
+6285173117033
+6285777081178
+6285777081178
+6285173117033
+6289517365864
+6289517365864
+6289625719112
+6289517365864
+6285157622807
+6285157622807
+6281219726221
+6281219726221
+6281219726221
+6281219726221
+628988288623
+62895367526747
+6281211637176
+6289653293693
+6285866660947
+628567100083
+6282213068191
+6281289633410
+6281289633410
+6285694055175
+6289529929098
+6281299349966
+6281318000450
+6281299349966
+6285773780074
+6285773780074
+6285718685543
+6285694872848
+6285172189497
+6285710346790
+6285710346790
+6287811523209
+6285156699040
+628881917023
+6287706186966
+6281210729913
+6281210157156
+6281317470689
+6287784758241
+6281280354141
+6285893640556
+6287897920171
+628170970263
+628871561506
+6282210313013
+6283899200870
+6283899200870
+6283899200870
+6285780527705
+6285811347475
+6287721762217
+6287741199636
+6281213741573
+6287899260207
+6281288787584
+6282261613032
+62895403465281
+6283806773764
+6281384070567
+6287785950597
+6281362765323
+6289510281197
+6285892783477
+6282122820635
+6281229324055
+6281296099248
+628811568990
+6285719359769
+6282113704310
+628569957757
+6281280690245
+628888122707
+628561176302
+628569957757
+62895368933060
+6285695790695
+6285775684404
+6281384297586
+6285889299716
+6282113836908
+6281218702655
+6285880548643
+6281319102354
+6287881905883
+6281584906591
+6281298337796
+628179153075
+6282180640400
+628119221430
+6287881332900
+6281292344405
+6281221750172
+6281211682602
+6287788174588
+6287788174588
+6281289545383
+6281210214461
+6285693685071
+6285156062594
+628111859573
+628886303374
+6282113050814
+6285885313369
+6282124617040
+6281297690940
+6287805651931
+6285774744431
+6282119542258
+628118242456
+6282114519067
+6289675460858
+6289675460858
+6282126322986
+6281387136175
+6281211347768
+6281211347768
+6281284853865
+6285880618980
+6281318095016
+6281371813693
+6281259190011
+6283819115774
+6281384828097
+6285886375937
+6285890002676
+6282117345785
+6285888741553
+6281280754483
+6282249595498
+6289616300880
+6283831840999
+6281250002392
+6281291866758
+6281413406662
+6287885332799
+6281298266599
+6281511208818
+6282112011240
+6282126359736
+62813817337808
+6282129431228
+6281316446280
+6285883642889
+628988999411
+6281617683747
+6281931554671
+6285959178600
+6285959178600
+6287884109619
+6287776221304
+62895325009898
+62895340912005
+6281281091924
+6282111961508
+628119466868
+6281285353739
+6289652879908
+6289652879908
+6285787333449
+62816101269
+6281234482008
+6281298935509
+6281291345001
+6281291345001
6281318092103
+6289526071578
+6288223856604
+6289509620412
+62895336179198
+6287896829676
+6288973312493
+6282110117765
+6281210436250
+6285780769556
+6281317457646
+628129211738
+6288212072368
+6281287118513
+6281398445779
+6282295518032
+6281281148372
+6281903582572
+6285777710017
+6281213718556
+6289658313920
+6281904444611
+6282213280806
+6281315962618
+6288225618094
+6285692796103
+6281281774234
+6285893550270
+6281513679890
+6282126002529
+6287784761953
+62895323607575
+6285156704549
+6285775390959
+6285892097354
+6289526971814
+6281317019805
+6289526971814
+6287752546663
+6285773461480
+6281317927373
+6281233797670
+6281911007568
+6281222363371
+6285174416669
+6281291451771
+6282117129833
+6281290881072
+6287893088555
+6281284621725
+6285945456336
+6281818201109
+6287888598887
+6281385847118
+6281932855146
+6287880568418
+6281281163160
+6281288787877
+6281617613310
+6285100944168
+6282176532601
+6285215887999
+6283825106156
+628561313363
+6281282022159
+6289644054527
+6281289684371
+6281290321129
+6285213628071
+6282111421913
+6281218511569
+6281298800208
+628973158980
+6285763372184
+6281292632861
+6281902626269
+62895328354957
+6281388090370
+6282113582393
+6281315525839
+6281808041195
+6285975108027
+6282310455314
+628979032993
+6281318538855
+6287887740370
+6285691600662
+6283160123030
+6281280483377
+6287775487519
+6285773922221
+6288905121391
+6287875540883
+6281211843603
+628157903661
+6285717799988
+6285717799988
+6287860420963
+6285776636958
+6285717211920
+6281314780585
+6281291449658
+6285604759471
+6281517517590
+6281398810576
+6289529107924
+6283892601006
+6285779564169
+6282120405576
+6281297440211
+6281294994431
+62813873956669
+6285878345842
+6281278112801
+6281513551810
+628998416668
+6281317149772
+6285711970118
+6287761670608
+62881025571522
+6281289736298
+6281282247337
+6281212665500
+6287701453945
+6281354711611
+6285773085862
+6281381741824
+6281219067316
+6287780386983
+6285780588846
+6285691386555
+6287705552829
+6282210007670
+6285814484842
+6281362931449
+6282111441250
+6285163018585
+6281932591909
+628128429793
+6288213993952
+6281286059821
+62811141108
+6287741677212
+6285770530508
+6281380330828
+6281288998115
+6285717211920
+6285526255547
+6281282324691
+6288211503292
+6285772820837
+6287880050667
+6281211718945
+6289601731905
+628159164626
+6281293562969
+628127704265
+6281317227441
+6281381833049
+6281280830892
+6281210355734
+628999313029
+6285716920010
+62895606197979
+6281290713200
+6287812461170
+6281388722127
+628886167824
+62895322282359
+6285892404053
+6282113645535
+6282210759711
+6287877191515
+62895360097982
+6282123261991
+62895410650378
+6282118101340
+6289625198764
+6281285062317
+6285883568247
+6285215939653
+6289630105428
+6281517159639
+6285881937613
+6285691386555
+6281342420252
+6281288996150
+6285932901297
+6285959299236
+6287886223113
+6281918546434
+6288225667886
+6285777891528
+62817186372
+6285773085862
+6282210759711
+6281221750191
+6287880111250
+6282312630592
+6283875514235
+6285886935430
+6285886935430
+6281210652706
+6285926457169
+6281297525005
+6281356887177
+628119875500
+6281398208698
+6281387149660
+6287774274471
+6281806058320
+62859106532440
+6285218132109
+62859106532440
+6287774274471
+6287708508234
+6282242423039
+6289694967364
+6281281232388
+628119875500
+62818928786
+6282123273013
+6285930269312
+6285929911849
+6285692710839
+6285159333269
+6281547402758
+628551478708
+628111614843
+6285727171533
+6281387161455
+6285954364742
+6285772569794
+6285724651611
+6281384586022
+6285710811489
+6281905138949
+6285697823932
+6285817577175
+6285773726613
+6285893496757
+6288219752026
+6285161493056
+6285161493056
+6285161493056
+628872265426
+6285719846846
+6281932292215
+6285216588735
+6281294292540
+6282111159780
+6288217606104
+628121857686
+6285772679721
+6281315337611
+6288223885240
+6281283725044
+6282110136321
+6281292295792
+6281519531836
+6285883186128
+628161496014
+6287831412348
+6287820080109
+6285263019977
+6281314578021
+628814580252
+6281514449668
+6289615285631
+6281318387585
+6281398796167
+628811176300
+6281398768703
+6285892187629
+6281299099410
+6281220457970
+6287884269301
+6281296559065
+6281284025971
+628989385225
+6282246328443
+6281239735015
+6287776128209
+62895332144158
+6281776481990
+6285774255247
+6281295243153
+6285954364742
+6281549452205
+62895332304593
+6282122118998
+6281293388794
+6289522578582
+6281314894416
+6287809617981
+6281939360574
+6285817851416
+6285691378051
+628119722807
+6285697818265
+62895332144158
+6281314578021
+628119422508
+6281398715696
+628112674477
+6281318361583
+6289638807782
+6289506085715
+62895364335792
+6281287393588
+6281546142150
+628118622000
+6282113004270
+6281295417305
+6281318974701
+6281213073638
+6281271707027
+6281511178568
+6281520436160
+6281284768345
+6282278548300
+6281219028406
+628111156288
+6285591205925
+6281212816669
+6281271707027
+6281298716426
+6287734290198
+6285714588482
+6281219028406
+6285158806994
+6281284025971
+628119993819
+62819993819
+6282278548300
+6281237609687
+6285757375480
+6282339934305
+6282110136321
+6281219904826
+6289602619355
+62895333152763
+6282122123095
+6281298724835
+6287834030418
+6281585990498
+6281380079525
+6289699205813
+6288210352642
+6281413565512
+6285695905080
+6281212054117
+6281281488405
+628119471213
+6281296926435
+6281318409030
+6285731742362
+6288801240568
+6281219309535
+62885715941709
+628119927706
+6287875154432
+628986018959
+6281532644584
+6287809208021
+6287804442012
+6285719117548
+6285830349519
+6281285145121
+62895640184500
+6281212797416
+6289688153773
+6281219249671
+6289528246127
+6281222392104
+6285921258622
+6289680506282
+6281388894566
+6288212459893
+6288212459894
+6287880204111
+6285156858169
+6285722101182
+6282124664390
+6281398358363
+6285774824743
+628981211890
+6281932329526
+6285697691471
+6281381177396
+6281288671694
+6281294586609
+6285942939365
+6281213105573
+6281808131797
+6283831760889
+6281244592204
+6282252141398
+6282140551844
+6281336810340
+6289501617666
+6282123807400
+6281280736398
+6281221747485
+6281315503639
+6285920576110
+6281381157314
+628119994410
+62811979024
+6281251874720
+6285839935517
+6281219986588
+6289653843414
+6287703072006
+628979135946
+6287781412008
+6281285903031
+628111947104
+6282113332322
+6281212870916
+6281277200345
+6281388836652
+6282189677450
+628111281206
+628111201356
+6281213570849
+6287782328531
+6281314094591
+6281220839458
+6281336555681
+6281210861661
+6281213707571
+6281317237399
+628111289929
+6282245867113
+628113281510
+6285892358979
+6289669737153
+6281336524120
+6287788456450
+628999899929
+62811832662
+6281386544847
+6282213739468
+6287775789737
+6281806930484
+6285719028090
+6282119629500
+6281390414365
+6281226832020
+6285156500438
+6281389533977
+6281296265299
+6281809258267
+6289523647168
+6285740149996
+628111519959
+6285741330960
+6281513181924
+628993199309
+628159903220
+6289508310156
+6281244223781
+628119565307
+6281254952069
+6285974783245
+6285717294046
+6281144420888
+6287889946872
+6285879735414
+6285962400482
+6281293884267
+6281802200969
+6281802200969
+6281802200969
+6281284218901
+6281296293132
+628815464908
+628111162508
+6282122013663
+6281311557687
+6285649290232
+6287870939069
+6285710091701
+6281218936014
+6288297746545
+6281342355000
+6285715959399
+628129629896
+628977632533
+62895324028270
+6281213261607
+6287709696378
+6285103000027
+6282299253243
+6281366252112
+6281388547927
+6281273978500
+6287784841559
+6281318452032
+628134446060
+6289667894114
+6287841998182
+6281555751175
+6281381796463
+6281316352662
+6282122669299
+6285241163033
+6285241163033
+6285241163033
+6285241163033
+6285241163033
+6285888181751
+6281334589548
+6281295567465
+6289516974836
+6282152413904
+6281386624541
+6281384250558
+6287786776938
+6285881820014
+6281519491222
+6288232637183
+62817876713
+6282179482380
+6285951568412
+6281218937590
+6285225481183
+6281317530553
+6281317530553
+6289628097227
+6285158851724
+628515581724
+6285158851724
+6285158851724
+6285158851724
+6288298974777
+6281779960484
+628962601966
+6281249325045
+6281219119219
+6281283770615
+6285732110002
+628118199087
+6287775001300
+6281211858296
+62895368930508
+6281389004815
+628159793207
+6287873171077
+6282298782969
+6281284814405
+6281233585182
+6285155125590
+6285692856035
+6282122373782
+628170090711
+6283892454198
+6281217921045
+6289628047438
+6285891693937
+6281286320727
+6281316281125
+6289652143280
+6281318760936
+6281212188612
+628129979964
+6285777886479
+6287889344162
+6281285999316
+628118692066
+6282111396762
+6282114509428
+6282122279588
+6281246159922
+6282260334403
+6281213395569
+6287780318700
+6281386694994
+6285216145791
+6287750972005
+6285770020845
+628176686599
+6281282568001
+62816635261
+6281248340296
+628889090676
+6281297952795
+6281310068505
+6282225420843
+6281584211034
+6287781064406
+6285161730674
+6282330757575
+6285861103893
+6281385484022
+6285881839824
+6288224649769
+6281384176640
+6289636451148
+6285817664940
+6287882654993
+6281292704130
+6281292286980
+6282112726055
+628888997245
+6281290258515
+6282115428298
+6285954703868
+6281585746386
+6283807185775
+6285959651193
+628161624302
+6281413383688
+6281398003871
+6281290707907
+6282197542510
+6281371516439
+6281371516439
+628117762277
+6289523699462
+6288293168545
+6285883600757
+6283129386073
+628813778157
+6285697952251
+6281214052926
+6289628752199
+6281578873310
+6281283616598
+6287871500647
+628164806950
+6282111564721
+6285219886168
+6281314311407
+6285283075093
+6289635991958
+6285930405701
+6281323912546
+6285398901410
+6281554382224
+6285808466755
+6285883555297
+6282143838360
+628886355932
+6281285174100
+6281219913191
+628567969567
+6282313254569
+6281347351148
+6281411129341
+6287754542627
+6281918898998
+6282120059388
+6281280736398
+6281281132421
+6282123868066
+6281221747485
+6281315503639
+6285920576110
+6281381157314
+628119994410
+6282116433799
+6285893187783
+6285211012584
+62811979024
+6281251874720
+6281212650056
+6281281815887
+6285839935517
+6281219986588
+6281281873508
+6281220839458
+6289653843414
+6281284282876
+6287703072006
+6281806259465
+628979135946
+6282213202430
+6287781412008
+62811462009
+628111947104
+6281388836652
+6281277200345
+6282189677450
+6281336555681
+6282125744252
+6281210861661
+628118521710
+6282112784205
+6285892358979
+6281932747595
+6283170862821
+6282114336613
+628817446456
+628815515008
+6282213739468
+6287775789737
+6285719028090
+6281390414365
+6281226832020
+6281293491904
+6285210713929
+6281219352117
+6285784433568
+628119117058
+6282337382150
+6281244223781
+6285974783245
+6285717294046
+6281314944367
+6287781064406
+6281210130890
+6281293884267
+6285774712087
+6285230164178
+6281326781305
+6281387155023
+62818829089
+6285893109097
+6281232116305
+6281213687130
+6281212021011
+628115928887
+6281366252112
+6289514798699
+6282310335010
+6282350400740
+6282133342383
+6281318452032
+6288214111552
+6287841998182
+6281223363006
+6281298511240
+628111929490
+6289510545383
+6282122669299
+6285241163033
+6285241163033
+6285241163033
+6285241163033
+6285241163033
+6281290176866
+6281210973632
+6285212523474
+6282152413904
+6281384250558
+6282310931287
+628111281206
+6289628097227
+6287784009261
+6285158851724
+6285158851724
+6285158851724
+6285158851724
+6285158851724
+628118281206
+6281249325045
+6281219119219
+6285211865997
+6285694039049
+6281318907863
+6287775001300
+6281919817216
+6285891150875
+6281211858296
+628111032712
+6281220840728
+6285947140921
+6287774368324
+6287785019452
+6281389004815
+6281806202008
+6282122373782
+6287711203942
+6289628047438
+6289652143280
+6287749033571
+6285777886479
+6281280361527
+6281285999316
+628118692066
+6282111396762
+6285158566567
+6285773982400
+6282122279588
+6287850309089
+6281220032899
+628783337029
+6287774440069
+6281517294040
+6285879735414
+6285779042708
+6282140907771
+62816635261
+6281377626361
+6281380487393
+6285881839824
+6287822662006
+6285861103893
+6285817664940
+6285860001275
+628888997245
+6289696796285
+6285773085862
+6281287667098
+6281519491222
+6281387962927
+6282112726055
+6285954703868
+6281909888019
+6282112892287
+6281221612577
+628161624302
+6281290258515
+6285156743049
+6287884789767
+6281296632518
+6282333880159
+628117755599
+6281315671074
+6285697952251
+6281214052926
+6285694494252
+6281230854277
+6285337263207
+6281388905404
+6289635991958
+6281297447263
+62818924241
+6281377626361
+6289635991958
+6282123090622
+6285820294654
+6281297972994
+62895367257799
+628118819752
+6281586392979
+6281339339765
+6281289878517
+6281280282703
+6281316687906
+6287836023810
+6281271214791
+6281218299728
+6282124641106
+6281212490671
+6281219300055
+6289682163281
+6281311133592
+6285668761305
+6281268401117
+6287801083554
+6282122602384
+6285695713584
+6281283348809
+6281296412356
+6281213191562
+6281350922675
+6285887777225
+6285889175182
+6281210059187
+628119219189
+6287787122912
+6285774214809
+6282151805122
+6285724301476
+62895376111629
+6282127890027
+6281387278836
+6281298573851
+6289504029154
+6285215885756
+6287808560405
+6281802020525
+6281381244415
+6282251994358
+6285331662527
+6287775444627
+6282311760707
+6281318464982
+62811378950
+628113999568
+6285161094206
+6282252022866
+62895328354957
+6281362095127
+62895110080672
+6285362616198
+6282252022866
+6282252022866
+6282371131761
+6282182445851
+6281338743155
+628118580060
+6281929775354
+6287773281955
+6285773832050
+6281310776490
+6287880660773
+628889341238
+62811191344
+628111129605
+6281317620426
+6281317620426
+6287780080007
+628117741899
+6285211144791
+6283877959686
+6287878899373
+6281396071604
+6287704548937
+6281250121822
+6281360632081
+6281396071604
+6281360632081
+6281360632081
+6281396071604
+6281360632081
+6281360632081
+6285884857884
+6281281693249
+6282216345589
+62895326114845
+6281291415651
+6281283348809
+6281385781295
+6287884781308
+6281280421303
+628121170606
+6288296675777
+6282114641297
+628818527948
+6281210889576
+6281218961595
+6285813245135
+62895396234214
O878558O6111
+6289603408199
+62895396234214
+6285217401307
+6282288881751
+6281270195311
+6287776190680
+6281806592505
+6281239190404
+6287759644560
+62895702575336
+6285215186996
+6282130338819
+6288211587980
+6287880258382
+6281396071604
+6281396071604
+6287783388899
+6282114261485
+6588010599
+6282221407701
+6281315204400
+6289508696689
+628116406299
+6281290186125
+6281218380761
+6282335052858
+6283802904835
+6282278203188
+6282211009420
+6287865160899
+62811755109
+6281286167614
+628119309010
+6285648544622
+6281330963756
+6289683803829
+6287815197286
+6281268489937
+62895620130379
+6281905190669
+62895331201011
+6281233198589
+6285810395834
+6285161612228
+6285381468399
+6285814045755
+6281384854614
+6285345871185
+6281284049234
+6281228882348
+6287872187403
+6281383337030
+628118118448
+6287720965526
+6282292688888
+6281791070091
+6282124438528
+628118706405
+6287885556512
+628111742933
+6281296663767
+6287777974839
+6285624015161
+6289646670949
+6282111331551
+6281280543786
+6282289505163
+6281312706877
+6282213182007
+628990142996
+6285253361416
+6281803288018
+6282381286193
+6282340196015
+6281290687098
+6282140829100
+6287880575608
+6281229893065
+6281288493331
+6285215334711
+62895605810478
+6282248370613
+6281285141347
+6282122253392
+6285694441075
+628161937033
+6281292534541
+6289630069645
+6285710091701
+6281218390424
+6285694245768
+6288289190731
+6285693088902
+6281318585435
+6281901280999
+6281311227983
+6287873853191
+6282225849709
+6281380599385
+6285781280021
+6282153046822
+628126701211
+628113786300
+6287883672646
+6281219899383
+6285695864041
+628889510880
+6282139868421
+6289507932239
+6281224259899
+6287770074895
+6285811936658
+6281380324668
+6285771568709
+62895359577191
+6285551115871
+6281380745335(WA)
+6282259436628
+6287770700096
+6281548583700
+6281398332522
+6282110846026
+6285711656504
+6285719213826
+6282213731350
+6287856307385
+6281353944932
+6287828412128
+628111490405
+628161970421
+6285894154025
+6285884720626
+6281281139088
+6281398834433
+6282246666930
+6287742826497
+6281908752769
+6287788237199
+62818849110
+628568207471
+6285788523725
+6287877373455
+6285715665583
+6288971773404
+6285890671913
+6281225675283
+6289658783013
+6281210253789
+6287780747206
+628153009508
+6282113025566
+6287786803188
+6281293718938
+6281212007379
+6282340400496
+6285779691367
+6285161256967
+6282146891063
+6287866144547
+6285264095860
+62818767802
+6285879726894
+6289617348748
+6285875059692
+6285759769887
+6281328327722
+6281252870039
+6281383832996
+6281296934994
+6285162866619
+6281382681475
+6289651133452
+6289671601208
+6287786487558
+6281234409950
+6281384282660
+6281252222309
+6287884646868
+628111592315
+6281805370358
+6281296726073
+6281220569560
+6281290511217
+628567085381
+6281220569560
+6282231255800
+628158053311
+6281211652393
+6285782742750
+6281230737687
+6281387102132
+6285156576465
+6281295278981
+6282243509635
+6287710103693
+6285858516556
+6281319418495
+6281296577576
+628126022001
+6287883943848
+6281293938296
+6281289074652
+6281233797670
+6285711007818
+6287887189051
+6281319833377
+6287897753863
+6281910125407
+628113612629
+628119772035
+628158790058
+6281298729147
+6287713623701
+6282231146120
+6285719183462
+6287808785372
+6281285585230
+6289528638508
+6285796636051
+6289675460858
+6281284922163
+6285697881105
+6285694897414
+6289635672502
+6287848459729
+6289506302197
+6282110946855
+6282123498996
+6285216588735
+6281382008507
+6281919280406
+6287805989038
+6281223234867
+6287773631267
+6281389689420
+6281717861196
+6285701500905
+6285283893309
+6281296016356
+6281295376930
+628118844505
+628128671411
+6289677923923
+6287770638880
+6281211347768
+6289688199309
+6287883287432
+6281387283515
+6282139921648
+6287880732091
+6285778720411
+6282150325529
+6281296947287
+6285803624080
+6285780352326
+6285158106093
+6281904861300
+6287727327688
+62895613600308
+6282123097842
+628980606005
+6287885811500
+6281314992193
+62895376341589
+6287777029245
+628815653994
+6285773046604
+6285921560244
+6285921560244
+6282115014873
+6285959480490
+6289604348914
+6289658111127
+6282257624947
+6285244089356
+6285732918040
+628888999052
+6285891321663
+6281998359366
+6285881764887
+6287776947987
+62816742524
+6282269980659
+6281310296899
+6281957180434
+6281265788099
+6281806171221
+6281222812009
+6281221412919
+6282213065025
+6282190462004
+6285215306599
+6281806202008
+6281383037322
+6281386721062
+6281344202629
6282139156348
+6281519653695
+6281808171382
+628111366649
+6281289800230
+6281293030411
+628987149503
+6282215018839
+6281387783911
+6287852575104
+6281299199177
+6281363535958
+6289515332328
+6285338004697
+6285657025974
+6281252102552
+6281373513377
+6285774456580
+6281281346245
+6281387270987
+6281295996911
+6281319550692
+6285156544164
+6281317462046
+6285348036867
+6281210729645
+6281388486558
+628998492825
+6287737342783
+6285779738560
+6281293569200
+6281271395647
+6287876980900
+6282285537795
+6282165623992
+6287878414083
+6282110110499
+6282229443478
+628119199920
+628551667451
+6282335398918
+6281291145614
+6282261228878
+6281286950628
+6289661601831
+6287781446315
+6282328286369
+6285810675386
+6283891423190
+6285332377540
+6287822838577
+6285604644310
+6282139427005
+628111808541
+6281333809000
+6285604216121
+6281288078584
+6282331226638
+6285782004344
+6282225532277
+6281223306790
+6281268571136
+6282112665008
+62895391100140
+6287884314532
+6281281404402
+6282137594445
+62895612728899
+6289605239049
+6281901192005
+6281290295956
+6285718130868
+6281212288604
+6281908000703
+62895402188448
+6285817295807
+6281299284403
+6287786482160
+6281296903590
+628158042570
+6285876898550
+6285771239463
+6281936554585
+628954237886688
+6282112189669
+6281937778888
+6281517159639
+628889510880
+6282298231301
+6285668761305
+628984563100
+6281513662608
+6285694485644
+6287886223113
+6289510358155
+628535592222
+6285866779434
+6281297580078
+6281286222616
+628110426033
+6281540051110
+6281388556933
+6287785538708
+6281385542740
+628192281327
+6287741681985
+6285772785392
+62818294410
+6285893648120
+6281210161191
+6282141184486
+6281234063885
+6283113896635
+6282144788728
+6285230352003
+6281324241026
+6285604644310
+6281999065480
+6281361324695
+6283184963470
+62895389033590
+6281335656638
+6281333809000
+6282252235353
+6281901102005
+6281398650059
+6588004473
+6289675177539
+6289683008887
+6281295036512
+6285235450925
+62895330326358
+6281946333017
+6289520254140
+62817438859
+6281299452691
+628814770730
+6281511571000
+6282121779045
+628988952841
+6289512176235
+628990707411
+6282176117208
+6287872227202
+6281329011489
+6281320259971
+6283146533820
+6289619539193
+6282241276948
+6282112541468
+6281919429416
+6283159101276
+6287750992513
+6285775243534
+628116667136
+6281231312123
+6282310198930
+6281293856023
+6281574442841
+6281223824217
+6285716036984
+628986922673
+6282235022410
+6285893648120
+6281336208964
+6281342331598
+6281388836652
+6281806206518
+6281290978637
+6285719803738
+6285692302303
+6285692796103
+6285893098272
+6281930062008
+6281288673070
+6281317715338
+6281212816669
+6282111443247
+6281908125224
+6285339121986
+6281319015570
+6281315644237
+6281219769615
+6288210286076
+6281213617789`
+6285216588735
+6285716002030
+6281382257401
+6281917740990
+6281398796167
+6287831412348
+6282299311434
+6287878850400
+6281290853365
+6281317012528
+6282146328443
+628988643556
+62895335955533
+6282139147850
+6282137269794
+6287710189737
+6287710181326
+6287871516681
+62811881175
+6281519079627
+6281281123473
+6281239735015
+6281908752769
+6281271586108
+6285647965616
+628111899116
+6287885561010
+62811802195
+6285210080305
+6281317783893
+6285710513800
+6287793173698
+6281268920029
+6281261726400
+6281261392340
+628996258122
+6281275512704
+6289642483964
+6282121819886
+6285658041033
+6285624785610
+6287872185168
+6285792603288
+62811140186
+6289636278008
+6281298368092
+6281387022173
+6289646648263
+6282131064384
+6281284347667
+6285748063150
+6289516907459
+6282298556098
+6287717462725
+628159975400
+6281391453963
+6281285276625
+6282112640133
+6285646380381
+62817256208
+62817256208
+6285965825003
+6287730303403
+6285158851724
+6281219267091
+6285894403375
+6285735539913
+6281218977456
+6282196170225
+6285871036534
+6285883563329
+6285819000250
+6283844843102
+6287777525907
+6281285916060
+6285607015680
+6289624925616
+6285774657619
+6281315559831
+6281210324922
+62811173723
+6287873736105
+6281617169764
+6289531826326
+6281278399704
+6282246911085
+6285717172792
+6282336909873
+6281319593844
+6287724154099
+6281268821715
+6285746467009
+6283892728156
+6285725089192
+6285336919142
+6285800222414
+6282135968031
+6281285272603
+6281214279731
+6281382265485
+6281315129939
+6283854194835
+6282120002876
+6285710161632
+6285881989291
+6285772000350
+6289652975659
+6281290149254
+6281298361106
+628979831568
+6289505047297
+6281317380831
+6281545727750
+62895800065500
+6281386362399
+6285920617566
+6285710164500
+6281284855557
+6282123676367
+6287775662910
+6285158851724
+6281212078696
+6281392700236
+6285888456405
+6285719232015
+6287875225071
+6285742842643
+62895337570290
+6282150726714
+6281225635676
+6285158851724
+6281295345341
+628111044806
+6281293490499
+6282113082217
+6282158948517
+6283892454198
+6282117413434
+6281386623660
+6288213788402
+6287711203942
+6289524798719
+6281231047089
+6283854194835
+6283150622782
+6281413509355
+62895622352875
+6282218542122
+6285714149500
+6287771110913
+6287802876745
+6285718920560
+6285817189360
+6281413463353
+6281280531944
+6289509825817
+62895360412130
+6281212843063
+6281210051140
+6281389031212
+6281296379664
+6285697569605
+6285871038856
+6281234036993
+628112345833
+6287830053828
+6285157220219
+6282256547714
+6283854194835
+6285960653445
+6283878892815
+6281386624036
+628989718551
+6281214279731
+6285225774984
+6285604729003
+6281297240300
+6281289889154
+6281241127747
+628111201356
+62818147452
+6285959977386
+6285816421069
+6281219361027
+6285711255773
+6281218855585
+6289630621939
+6281214279731
+6285692525806